-8.8719
-8.8363
-8.8008
-8.7652
-8.7297
-8.6939
-8.658
-8.6222
-8.5864
-8.5503
-8.5147
-8.4784
-8.4421
-8.4061
-8.3696
-8.3331
-8.2962
-8.2594
-8.2226
-8.1858
-8.1491
-8.112
-8.0749
-8.0378
-8.0008
-7.9633
-7.9257
-7.8879
-7.8504
-7.8126
-7.7748
-7.737
-7.6989
-7.6606
-7.6223
-7.5841
-7.5456
-7.5068
-7.4682
-7.4296
-7.391
-7.3516
-7.3125
-7.2735
-7.2345
-7.1957
-7.1563
-7.1169
-7.0775
-7.0377
-6.9978
-6.9579
-6.9181
-6.8778
-6.8375
-6.7972
-6.7569
-6.7161
-6.6753
-6.6345
-6.5937
-6.553
-6.5117
-6.4705
-6.4297
-6.3879
-6.3464
-6.3048
-6.263
-6.221
-6.1787
-6.1363
-6.0937
-6.0503
-6.0073
-5.9639
-5.9207
-5.8773
-5.8337
-5.7899
-5.7457
-5.7014
-5.6567
-5.6122
-5.568
-5.5234
-5.4786
-5.434
-5.3889
-5.3437
-5.2982
-5.2526
-5.2067
-5.1603
-5.1138
-5.067
-5.02
-4.9724
-4.9251
-4.8774
-4.8297
-4.7816
-4.7335
-4.6852
-4.6365
-4.5873
-4.5386
-4.4889
-4.4393
-4.3894
-4.3393
-4.2887
-4.2383
-4.1869
-4.1354
-4.0832
-4.031
-3.9782
-3.9251
-3.8711
-3.8173
-3.7637
-3.7093
-3.6549
-3.6001
-3.5448
-3.4891
-3.4325
-3.3755
-3.3182
-3.26
-3.2018
-3.1426
-3.0828
-3.0224
-2.9614
-2.8997
-2.8374
-2.7744
-2.7106
-2.6455
-2.6133
-2.5804
-2.5475
-2.5143
-2.4806
-2.4467
-2.4128
-2.3782
-2.3434
-2.3084
-2.2733
-2.2376
-2.2017
-2.1654
-2.129
-2.092
-2.0546
-2.0168
-1.9787
-1.9404
-1.9019
-1.8627
-1.8225
-1.7821
-1.7419
-1.7013
-1.6606
-1.619
-1.5772
-1.5346
-1.4917
-1.4483
-1.4046
-1.3608
-1.3169
-1.2727
-1.2285
-1.1838
-1.1394
-1.0919
-1.0715
-1.0523
-1.0331
-1.0135
-0.99365
-0.97349
-0.95304
-0.93231
-0.91111
-0.88954
-0.86748
-0.84494
-0.82192
-0.79822
-0.77398
-0.74907
-0.72333
-0.69692
-0.66945
-0.64126
-0.61223
-0.5818
-0.55063
-0.51861
-0.48605
-0.45237
-0.41789
-0.38301
-0.34629
-0.30803
-0.27043
-0.2319
-0.19367
-0.15561
-0.11694
-0.078899
-0.041122
-0.0025063
0.036593
0.075622
0.11383
0.15078
0.18791
0.2244
0.25984
0.29448
0.32904
0.36347
0.39819
0.43299
0.46657
0.50041
0.53402
0.56767
0.60116
0.63534
0.66974
0.70468
0.74119
0.77942
0.82062
0.86417
0.90994
0.958
1.0071
1.057
1.1066
1.1579
1.2104
1.263
1.3227
1.3824
1.4461
1.5137
1.5813
1.6557
1.7302
1.8037
1.876
1.9484
2.0146
2.0808
2.1493
2.2201
2.2908
2.3728
2.4547
2.5446
2.6423
2.7401
2.8674
2.9946
3.1336
3.2843
3.4349
3.6054
3.7758
3.9556
4.1447
4.3338
4.4219
4.51
4.5981
4.6862
4.7608
4.8354
4.8964
4.9575
5.0186
5.0797
5.1017
5.1236
5.1456
5.1675
5.1681
5.1686
5.1478
5.127
5.1061
5.0853
5.0267
4.9682
4.9096
4.851
4.7847
4.7185
4.6445
4.5705
4.4965
4.4225
4.3533
4.2841
4.2149
4.1457
4.0867
4.0276
3.9788
3.93
3.8811
3.8323
3.8095
3.7866
3.7638
3.7409
3.7253
3.7097
3.7014
3.693
3.6846
3.6763
3.6768
3.6775
3.6781
3.6787
3.6813
3.684
3.6887
3.6934
3.6982
3.7029
3.709
3.7151
3.7211
3.7272
3.7327
3.7382
3.743
3.7478
3.7527
3.7576
3.7603
3.7631
3.7659
3.7687
3.7705
3.7724
3.7734
3.7744
3.7753
3.7763
3.7764
3.7764
3.7765
3.7765
3.7765
3.7766
3.7765
3.7765
3.7765
3.7765
3.7765
3.7765
3.7765
3.7765
3.7765
3.7765
3.7765
3.7765
3.7765
3.7765
3.7765
3.7765
3.7765
3.7765
3.7765
3.7765
3.7765
3.7765
3.7765
3.7765
3.7765
3.7765
3.7765
3.7765
3.7765
3.7765
3.7765
3.7765
3.7765
3.7765
3.7765
3.7765
3.7765
3.7765
3.7765
3.7765
3.7765
3.7765
3.7765
3.7765
3.7765
3.7765
3.7765
3.7765
3.7765
3.7765
3.7765
3.7765
3.7765
3.7765
3.7765
3.7765
3.7765
3.7765
3.7765
3.7765
3.7765
3.7765
3.7765
3.7765
3.7765
3.7765
3.7765
3.7765
3.7765
3.7765
3.7765
3.7765
3.7765
3.7765
3.7765
3.7765
3.7765
3.7765
3.7765
3.7765
3.7765
3.7765
3.7765
3.7765
3.7765
3.7765
3.7765
3.7765
3.7765
3.7765
3.7765
3.7765
3.7765
3.7765
3.7765
3.7765
3.7765
3.7765
3.7765
3.7765
3.7765
3.7765
3.7765
3.7765
3.7765
3.7765
3.7765
3.7765
3.7765
3.7765
3.7765
3.7765
3.7765
3.7765
